216745345
216745883
216744959
216745465
216746181
216746919
217387563
216748022
216748146
217387699
216747717
217387141
216774094
216774513
216768598
216774320
216776834
206511290
216786629
216786628
216786627
210190391
210201884
210202139
210202547
210202737
210191493
210199416
210199695
210199973
210200314
210190081
210200554
210200852
210201333
210201615
210190875
210195642
210197420
210198095
210198873
210359159
210359262
210359323
210359384
210359675
210359033
210358903
210358361
210357941
210357856
210190081
210200554
210200852
210201333
210201615
219310479
219309422
219308948
219308254
219307628
219307237
219306551
220139994
220139869
220139713
220140196
224499975
224499698
224500405
222994228
222994048
222994371
