483085526
455572533
476813188
476788429
480458853
470987051
479363812
484296170
470931008
473210097
484296153
475854574
475448850
474176908
479621455
481209534
481209596
481210683
477783925
483160649
476253266
477689795
481921932
481472103
476729792
477852778
484295971
476255771
474628540
476255731
477521546
477521548
476255708
467962308
482079369
474176911
474176910
482792335
481370553
482792270
482792213
475855081
467962306
433510443
474628209
478628192
478631323
474518823
470683531
475105617
473695872
468785644
473695254
467387991
457319015
458409127
481261403
465473810
479745244
464834535
464824947
464826355
481210674
477518412
477518413
474628147
474445481
474629338
478290114
480963752
480963829
480963759
474628364
476527455
481522078
474628492
465508543
474445469
481521538
480424371
476195749
480491298
476215701
476215335
476512850
476519118
476518658
479870112
480900816
476744321
481754279
472301933
